1413394889.055760 0.215079 0.215025 0.021819 0.001371 0.000148 0.000095 
1413394889.155761 0.222027 0.221978 0.022524 0.001985 0.000312 0.000120 
1413394889.305760 0.222794 0.222747 0.022604 0.002233 0.000346 0.000123 
1413394889.455760 0.225258 0.225219 0.022856 0.003343 0.000577 0.000176 
1413394889.555760 0.252511 0.252491 0.025658 0.004884 0.000944 0.000323 
1413394889.705760 0.303147 0.303135 0.030766 0.006414 0.001118 0.000468 
1413394889.855761 0.319603 0.319596 0.032435 0.009597 0.002167 0.000647 
1413394890.005760 0.321331 0.321324 0.032607 0.009723 0.002192 0.000647 
1413394890.155761 0.400356 0.400350 0.040582 0.010997 0.002320 0.000738 
1413394890.305760 0.401737 0.401731 0.040722 0.011573 0.002468 0.000751 
1413394890.455760 0.703452 0.703418 0.071372 0.016621 0.003699 0.000990 
1413394890.605761 0.704237 0.704205 0.071435 0.016546 0.003695 0.001024 
1413394890.755760 0.752185 0.752114 0.076237 0.026547 0.006082 0.001239 
1413394890.905761 0.752919 0.752849 0.076310 0.026573 0.006134 0.001234 
1413394891.055760 0.753654 0.753585 0.076390 0.026821 0.006165 0.001239 
1413394891.205760 0.951095 0.951003 0.096350 0.038513 0.009089 0.001879 
1413394891.355761 1.054995 1.054818 0.106609 0.042127 0.009602 0.002480 
1413394891.505760 1.055520 1.055342 0.106671 0.042075 0.009649 0.002472 
1413394891.655761 1.056044 1.055867 0.106724 0.042383 0.009665 0.002473 
1413394891.805760 1.351683 1.351521 0.136141 0.057715 0.013294 0.003101 
1413394892.005760 1.352674 1.352512 0.136241 0.057554 0.013296 0.003130 
1413394892.205760 1.361085 1.360923 0.137099 0.058628 0.013505 0.003235 
1413394892.405761 1.363369 1.363208 0.137331 0.058605 0.013562 0.003334 
1413394892.605761 1.365649 1.365489 0.137564 0.059113 0.013669 0.003634 
1413394892.805760 1.367923 1.367764 0.137798 0.059398 0.013907 0.004424 
1413394893.005760 1.370190 1.370033 0.138029 0.059214 0.014416 0.005848 
1413394893.205760 1.372450 1.372292 0.138261 0.059037 0.015261 0.007741 
1413394893.405761 1.374700 1.374544 0.138491 0.058905 0.016417 0.009888 
1413394893.605761 1.376944 1.376790 0.138722 0.058839 0.017746 0.012022 
1413394893.805760 1.379183 1.379030 0.138952 0.058903 0.019073 0.013987 
1413394894.055760 1.416895 1.416767 0.142807 0.060790 0.023597 0.019565 
1413394894.305760 1.425187 1.425057 0.143658 0.061249 0.027317 0.023671 
1413394894.505760 1.494582 1.494466 0.150771 0.066279 0.046791 0.041506 
1413394894.655761 1.495469 1.495354 0.150862 0.066419 0.047077 0.041738 
1413394894.755760 1.495581 1.495470 0.150875 0.066614 0.047093 0.041531 
1413394894.855761 1.495613 1.495504 0.150878 0.066713 0.047063 0.041493 
1413394894.955760 1.495645 1.495536 0.150881 0.066703 0.047076 0.041521 
1413394895.055760 1.495678 1.495567 0.150885 0.066706 0.047093 0.041550 
1413394895.155761 1.495709 1.495600 0.150888 0.066743 0.047100 0.041560 
1413394895.255760 1.495741 1.495632 0.150891 0.066782 0.047111 0.041534 
1413394895.355761 1.514788 1.514676 0.152852 0.068439 0.052045 0.045549 
1413394895.455760 1.514820 1.514708 0.152856 0.068463 0.052053 0.045500 
1413394895.555760 1.514852 1.514740 0.152859 0.068536 0.052062 0.045491 
1413394895.655761 1.515359 1.515247 0.152911 0.068583 0.052257 0.045723 
1413394895.805760 1.515470 1.515357 0.152923 0.068612 0.052304 0.045825 
1413394895.955760 1.516306 1.516194 0.153008 0.068647 0.052595 0.046126 
1413394896.155761 1.517178 1.517068 0.153099 0.068798 0.052890 0.046426 
1413394896.305760 1.521747 1.521638 0.153566 0.069182 0.054468 0.048166 
1413394896.455760 1.529430 1.529325 0.154353 0.069693 0.057034 0.051013 
1413394896.605761 1.529788 1.529682 0.154390 0.069739 0.057151 0.051185 
1413394896.755760 1.581981 1.581900 0.159798 0.074460 0.071033 0.063767 
1413394896.905761 1.582327 1.582245 0.159834 0.074453 0.071130 0.063974 
1413394897.055760 1.582673 1.582590 0.159871 0.074455 0.071223 0.064322 
1413394897.205760 1.588199 1.588116 0.160438 0.074594 0.072521 0.066417 
1413394897.405761 1.647758 1.647686 0.166514 0.084400 0.083106 0.072614 
1413394897.605761 1.737913 1.737798 0.175716 0.099859 0.097877 0.075567 
1413394897.805760 1.751856 1.751732 0.177118 0.102632 0.099697 0.077101 
1413394898.005760 1.830038 1.829902 0.185053 0.111807 0.108213 0.078699 
1413394898.205760 1.831731 1.831595 0.185226 0.111810 0.108324 0.078902 
1413394898.405761 1.935290 1.935152 0.195886 0.117971 0.117205 0.084009 
1413394898.705760 1.940907 1.940771 0.196467 0.118163 0.117651 0.085028 
1413394898.905761 1.987889 1.987756 0.201369 0.121674 0.121203 0.086596 
1413394899.155761 1.990964 1.990834 0.201691 0.121794 0.121455 0.087266 
1413394899.355761 2.186462 2.186329 0.221693 0.133101 0.131477 0.099682 
1413394899.605761 2.417003 2.416407 0.245310 0.151404 0.145871 0.110189 
1413394899.855761 2.425815 2.425225 0.246200 0.151609 0.146234 0.110487 
1413394900.055760 2.460049 2.459490 0.249681 0.152003 0.147127 0.112358 
1413394900.305760 2.462524 2.461969 0.249944 0.152179 0.147479 0.112691 
1413394900.505760 2.464995 2.464442 0.250180 0.152428 0.147873 0.113014 
1413394900.705760 2.466243 2.465691 0.250303 0.152593 0.148106 0.113135 
1413394900.905761 2.467489 2.466936 0.250440 0.152888 0.148370 0.113247 
1413394901.105761 2.468733 2.468179 0.250580 0.153222 0.148661 0.113436 
1413394901.255760 2.469267 2.468713 0.250637 0.153387 0.148804 0.113503 
1413394901.405761 2.469486 2.468933 0.250659 0.153450 0.148870 0.113558 
1413394901.555760 2.469706 2.469152 0.250681 0.153488 0.148945 0.113654 
1413394901.705760 2.469924 2.469372 0.250701 0.153543 0.149024 0.113738 
1413394901.855761 2.470143 2.469591 0.250724 0.153602 0.149109 0.113794 
1413394901.955760 2.470210 2.469658 0.250731 0.153620 0.149137 0.113811 
1413394902.055760 2.470229 2.469677 0.250733 0.153624 0.149145 0.113815 
1413394902.155761 2.470248 2.469697 0.250736 0.153632 0.149154 0.113819 
1413394902.255760 2.470267 2.469716 0.250738 0.153641 0.149163 0.113823 
1413394902.355761 2.470286 2.469735 0.250739 0.153647 0.149172 0.113828 
1413394902.455760 2.470306 2.469754 0.250741 0.153654 0.149181 0.113834 
1413394902.555760 2.470325 2.469773 0.250743 0.153660 0.149191 0.113845 
1413394902.655761 2.470344 2.469792 0.250746 0.153668 0.149200 0.113850 
1413394902.755760 2.470362 2.469811 0.250748 0.153673 0.149210 0.113864 
1413394902.855761 2.470381 2.469831 0.250750 0.153677 0.149220 0.113875 
1413394902.955760 2.470401 2.469849 0.250752 0.153682 0.149230 0.113883 
1413394903.155761 2.470858 2.470308 0.250799 0.153853 0.149453 0.114013 
1413394903.355761 2.474230 2.473685 0.251136 0.154807 0.150891 0.115117 
1413394903.455760 2.474402 2.473857 0.251152 0.154878 0.150973 0.115156 
1413394903.655761 2.474858 2.474314 0.251202 0.155047 0.151194 0.115294 
1413394903.805760 2.475384 2.474840 0.251261 0.155244 0.151443 0.115413 
1413394903.955760 2.475601 2.475058 0.251284 0.155325 0.151546 0.115438 
1413394904.105761 2.475819 2.475275 0.251307 0.155406 0.151647 0.115462 
1413394904.255760 2.487453 2.486915 0.252466 0.159274 0.157447 0.119232 
