1403715532.062143 0.031266 8.993741 3.917619 -0.669751 9.296692 3.059257 
1403715532.262143 -0.003566 9.097559 3.670219 -0.659694 9.298711 3.055307 
1403715532.462143 0.199878 9.082127 3.702854 -0.654007 9.299815 3.053164 
1403715532.712143 -0.048691 9.176806 3.466983 -0.657884 9.306055 3.033255 
1403715532.912143 0.010902 9.055680 3.772353 -0.645856 9.307398 3.031719 
1403715533.162143 -0.120050 9.065032 3.747918 -0.643591 9.305312 3.038595 
1403715533.412143 -0.637057 9.195412 3.357779 -0.642349 9.316346 3.004860 
1403715533.662143 -0.684844 9.128823 3.525859 -0.635088 9.314324 3.012662 
1403715533.912143 -0.900985 9.248224 3.145580 -0.628459 9.318973 2.999650 
1403715534.162143 -1.172111 9.268695 2.992250 -0.610970 9.339219 2.939697 
1403715534.462143 -1.123134 9.299087 2.915762 -0.610987 9.336132 2.949481 
1403715534.712143 -1.127648 9.194875 3.227817 -0.632976 9.322815 2.986732 
1403715534.962143 -0.897220 9.287807 3.027829 -0.621129 9.325337 2.981340 
1403715535.162143 -0.907504 9.285924 3.030537 -0.620722 9.325819 2.979920 
1403715535.362143 -0.905292 9.284696 3.034960 -0.620963 9.325739 2.980118 
1403715535.612143 -0.891216 9.282574 3.045600 -0.622322 9.325407 2.980874 
1403715535.812143 -0.869843 9.285284 3.043514 -0.622173 9.325356 2.981062 
1403715536.012143 -0.866856 9.285395 3.044030 -0.622109 9.325507 2.980604 
1403715536.162143 -0.866297 9.286595 3.040522 -0.622152 9.325538 2.980501 
1403715536.362143 -0.864952 9.287307 3.038733 -0.621653 9.325661 2.980221 
1403715536.562143 -0.858646 9.286645 3.042541 -0.622548 9.325397 2.980855 
1403715536.812143 -0.853138 9.286979 3.043072 -0.622785 9.325266 2.981219 
1403715537.012143 -0.849682 9.285344 3.049022 -0.623935 9.325095 2.981511 
1403715537.262143 -0.846289 9.283600 3.055271 -0.625337 9.324978 2.981585 
1403715537.512143 -0.827681 9.285022 3.056048 -0.623845 9.325292 2.980917 
1403715537.762143 -0.824397 9.280358 3.071064 -0.625957 9.324875 2.981779 
1403715538.062143 -0.810426 9.285991 3.057725 -0.624266 9.324966 2.981845 
1403715538.362143 -0.781099 9.286709 3.063173 -0.623730 9.324743 2.982657 
1403715538.712143 -0.756095 9.292423 3.052096 -0.626554 9.324199 2.983767 
1403715539.062143 -0.648583 9.299014 3.056761 -0.624816 9.323224 2.987175 
1403715539.412143 -0.551707 9.299668 3.073743 -0.629575 9.320668 2.994141 
1403715539.812143 -0.520921 9.287176 3.116586 -0.637239 9.317317 3.002939 
1403715540.162143 -0.501285 9.288438 3.116047 -0.641007 9.313991 3.012441 
1403715540.462143 -0.493058 9.288071 3.118452 -0.640636 9.312793 3.016222 
1403715540.812143 -0.485737 9.289128 3.116452 -0.641386 9.311470 3.020142 
1403715541.162143 -0.479284 9.288311 3.119882 -0.643084 9.309343 3.026331 
1403715541.512143 -0.480031 9.290349 3.113694 -0.642586 9.308276 3.029718 
1403715541.862143 -0.471487 9.290454 3.114686 -0.642962 9.306301 3.035701 
1403715542.112143 -0.472842 9.291832 3.110368 -0.642810 9.306113 3.036307 
1403715542.312143 -0.472580 9.291524 3.111327 -0.643671 9.305797 3.037095 
1403715542.562143 -0.471527 9.292276 3.109240 -0.642672 9.306050 3.036530 
1403715542.812143 -0.472973 9.291464 3.111446 -0.643794 9.305866 3.036856 
1403715543.262143 -0.468642 9.292161 3.110020 -0.642920 9.304957 3.039823 
1403715543.662143 -0.465900 9.291396 3.112716 -0.643085 9.302135 3.048417 
1403715544.062143 -0.461794 9.288706 3.121346 -0.645758 9.299135 3.056991 
1403715544.362143 -0.460993 9.291179 3.114095 -0.642784 9.299115 3.057678 
1403715544.662143 -0.460936 9.291131 3.114247 -0.642929 9.298731 3.058816 
1403715544.962143 -0.464219 9.290984 3.114197 -0.643570 9.298317 3.059939 
1403715545.262143 -0.463077 9.290167 3.116804 -0.643207 9.297515 3.062450 
1403715545.612143 -0.460302 9.292244 3.111020 -0.642296 9.294798 3.070878 
1403715545.912143 -0.463967 9.292010 3.111171 -0.642135 9.294131 3.072931 
1403715546.212143 -0.462636 9.292410 3.110174 -0.640747 9.293606 3.074808 
1403715546.512143 -0.464373 9.292756 3.108882 -0.640407 9.293459 3.075324 
1403715547.012143 -0.467698 9.289547 3.117961 -0.645765 9.291159 3.081146 
1403715547.562143 -0.458533 9.294482 3.104587 -0.642665 9.285851 3.097749 
