1413394904.605761 30 1413394904.455760 0 
1413394904.655761 10 1413394904.605761 1 
1413394904.705760 10 1413394904.655761 1 
1413394904.755760 10 1413394904.705760 1 
1413394904.805760 10 1413394904.755760 1 
1413394904.855761 50 1413394904.605761 0 
1413394904.905761 10 1413394904.855761 1 
1413394904.955760 10 1413394904.905761 1 
1413394905.005760 10 1413394904.955760 1 
1413394905.055760 10 1413394905.005760 1 
1413394905.105761 50 1413394904.855761 0 
1413394905.155761 10 1413394905.105761 1 
1413394905.205760 10 1413394905.155761 1 
1413394905.255760 10 1413394905.205760 1 
1413394905.305760 40 1413394905.105761 0 
1413394905.355761 10 1413394905.305760 1 
1413394905.405761 10 1413394905.355761 1 
1413394905.455760 30 1413394905.305760 0 
1413394905.505760 10 1413394905.455760 1 
1413394905.555760 10 1413394905.505760 1 
1413394905.605761 10 1413394905.555760 1 
1413394905.655761 40 1413394905.455760 0 
1413394905.705760 10 1413394905.655761 1 
1413394905.755760 10 1413394905.705760 1 
1413394905.805760 10 1413394905.755760 1 
1413394905.855761 40 1413394905.655761 0 
1413394905.905761 10 1413394905.855761 1 
1413394905.955760 10 1413394905.905761 1 
1413394906.005760 10 1413394905.955760 1 
1413394906.055760 40 1413394905.855761 0 
1413394906.105761 10 1413394906.055760 1 
1413394906.155761 10 1413394906.105761 1 
1413394906.205760 10 1413394906.155761 1 
1413394906.255760 40 1413394906.055760 0 
1413394906.305760 10 1413394906.255760 1 
1413394906.355761 10 1413394906.305760 1 
1413394906.405761 10 1413394906.355761 1 
1413394906.455760 10 1413394906.405761 1 
1413394906.505760 10 1413394906.455760 1 
1413394906.555760 10 1413394906.505760 1 
1413394906.605761 10 1413394906.555760 1 
1413394906.655761 10 1413394906.605761 1 
1413394906.705760 10 1413394906.655761 1 
1413394906.755760 10 1413394906.705760 1 
1413394906.805760 50 1413394906.555760 0 
1413394906.855761 10 1413394906.805760 1 
1413394906.905761 10 1413394906.855761 1 
1413394906.955760 10 1413394906.905761 1 
1413394907.005760 10 1413394906.955760 1 
1413394907.055760 50 1413394906.805760 0 
1413394907.105761 10 1413394907.055760 1 
1413394907.155761 10 1413394907.105761 1 
1413394907.205760 10 1413394907.155761 1 
1413394907.255760 10 1413394907.205760 1 
1413394907.305760 50 1413394907.055760 0 
1413394907.355761 10 1413394907.305760 1 
1413394907.405761 10 1413394907.355761 1 
1413394907.455760 10 1413394907.405761 1 
1413394907.505760 40 1413394907.305760 0 
1413394907.555760 10 1413394907.505760 1 
1413394907.605761 10 1413394907.555760 1 
1413394907.655761 10 1413394907.605761 1 
1413394907.705760 10 1413394907.655761 1 
1413394907.755760 50 1413394907.505760 0 
1413394907.805760 10 1413394907.755760 1 
1413394907.855761 10 1413394907.805760 1 
1413394907.905761 10 1413394907.855761 1 
1413394907.955760 40 1413394907.755760 0 
1413394908.005760 10 1413394907.955760 1 
1413394908.055760 10 1413394908.005760 1 
1413394908.105761 10 1413394908.055760 1 
1413394908.155761 40 1413394907.955760 0 
1413394908.205760 10 1413394908.155761 1 
1413394908.255760 10 1413394908.205760 1 
1413394908.305760 10 1413394908.255760 1 
1413394908.355761 10 1413394908.305760 1 
1413394908.405761 10 1413394908.355761 1 
1413394908.455760 10 1413394908.405761 1 
1413394908.505760 50 1413394908.255760 0 
1413394908.555760 10 1413394908.505760 1 
1413394908.605761 10 1413394908.555760 1 
1413394908.655761 10 1413394908.605761 1 
1413394908.705760 40 1413394908.505760 0 
1413394908.755760 10 1413394908.705760 1 
1413394908.805760 10 1413394908.755760 1 
1413394908.855761 10 1413394908.805760 1 
1413394908.905761 40 1413394908.705760 0 
1413394908.955760 10 1413394908.905761 1 
1413394909.005760 10 1413394908.955760 1 
1413394909.055760 10 1413394909.005760 1 
1413394909.105761 10 1413394909.055760 1 
1413394909.155761 50 1413394908.905761 0 
1413394909.205760 10 1413394909.155761 1 
1413394909.255760 10 1413394909.205760 1 
1413394909.305760 10 1413394909.255760 1 
1413394909.355761 10 1413394909.305760 1 
1413394909.405761 50 1413394909.155761 0 
1413394909.455760 10 1413394909.405761 1 
1413394909.505760 10 1413394909.455760 1 
1413394909.555760 10 1413394909.505760 1 
1413394909.605761 10 1413394909.555760 1 
1413394909.655761 50 1413394909.405761 0 
1413394909.705760 10 1413394909.655761 1 
1413394909.755760 10 1413394909.705760 1 
1413394909.805760 10 1413394909.755760 1 
1413394909.855761 10 1413394909.805760 1 
1413394909.905761 50 1413394909.655761 0 
1413394909.955760 10 1413394909.905761 1 
1413394910.005760 10 1413394909.955760 1 
1413394910.055760 10 1413394910.005760 1 
1413394910.105761 40 1413394909.905761 0 
1413394910.155761 10 1413394910.105761 1 
1413394910.205760 10 1413394910.155761 1 
1413394910.255760 10 1413394910.205760 1 
1413394910.305760 10 1413394910.255760 1 
1413394910.355761 50 1413394910.105761 0 
1413394910.405761 10 1413394910.355761 1 
1413394910.455760 10 1413394910.405761 1 
1413394910.505760 10 1413394910.455760 1 
1413394910.555760 40 1413394910.355761 0 
1413394910.605761 10 1413394910.555760 1 
1413394910.655761 10 1413394910.605761 1 
1413394910.705760 10 1413394910.655761 1 
1413394910.755760 10 1413394910.705760 1 
1413394910.805760 50 1413394910.555760 0 
1413394910.855761 10 1413394910.805760 1 
1413394910.905761 10 1413394910.855761 1 
1413394910.955760 10 1413394910.905761 1 
1413394911.005760 40 1413394910.805760 0 
1413394911.055760 10 1413394911.005760 1 
1413394911.105761 10 1413394911.055760 1 
1413394911.155761 10 1413394911.105761 1 
1413394911.205760 10 1413394911.155761 1 
1413394911.255760 50 1413394911.005760 0 
1413394911.305760 10 1413394911.255760 1 
1413394911.355761 10 1413394911.305760 1 
1413394911.405761 10 1413394911.355761 1 
1413394911.455760 10 1413394911.405761 1 
1413394911.505760 50 1413394911.255760 0 
1413394911.555760 10 1413394911.505760 1 
1413394911.605761 10 1413394911.555760 1 
1413394911.655761 10 1413394911.605761 1 
1413394911.705760 10 1413394911.655761 1 
1413394911.755760 50 1413394911.505760 0 
1413394911.805760 10 1413394911.755760 1 
1413394911.855761 10 1413394911.805760 1 
1413394911.905761 10 1413394911.855761 1 
1413394911.955760 10 1413394911.905761 1 
1413394912.005760 50 1413394911.755760 0 
1413394912.055760 10 1413394912.005760 1 
1413394912.105761 10 1413394912.055760 1 
1413394912.155761 10 1413394912.105761 1 
1413394912.205760 10 1413394912.155761 1 
1413394912.255760 50 1413394912.005760 0 
1413394912.305760 10 1413394912.255760 1 
1413394912.355761 10 1413394912.305760 1 
1413394912.405761 10 1413394912.355761 1 
1413394912.455760 10 1413394912.405761 1 
1413394912.505760 50 1413394912.255760 0 
1413394912.555760 10 1413394912.505760 1 
1413394912.605761 10 1413394912.555760 1 
1413394912.655761 10 1413394912.605761 1 
1413394912.705760 10 1413394912.655761 1 
1413394912.755760 50 1413394912.505760 0 
1413394912.805760 10 1413394912.755760 1 
1413394912.855761 10 1413394912.805760 1 
1413394912.905761 10 1413394912.855761 1 
1413394912.955760 10 1413394912.905761 1 
1413394913.005760 10 1413394912.955760 1 
1413394913.055760 50 1413394912.805760 0 
1413394913.105761 10 1413394913.055760 1 
1413394913.155761 10 1413394913.105761 1 
1413394913.205760 10 1413394913.155761 1 
1413394913.255760 10 1413394913.205760 1 
1413394913.305760 50 1413394913.055760 0 
1413394913.355761 10 1413394913.305760 1 
1413394913.405761 10 1413394913.355761 1 
1413394913.455760 10 1413394913.405761 1 
1413394913.505760 10 1413394913.455760 1 
1413394913.555760 10 1413394913.505760 1 
1413394913.605761 50 1413394913.355761 0 
1413394913.655761 10 1413394913.605761 1 
1413394913.705760 10 1413394913.655761 1 
1413394913.755760 10 1413394913.705760 1 
1413394913.805760 10 1413394913.755760 1 
1413394913.855761 10 1413394913.805760 1 
1413394913.905761 50 1413394913.655761 0 
1413394913.955760 10 1413394913.905761 1 
1413394914.005760 10 1413394913.955760 1 
1413394914.055760 10 1413394914.005760 1 
1413394914.105761 10 1413394914.055760 1 
1413394914.155761 10 1413394914.105761 1 
1413394914.205760 10 1413394914.155761 1 
1413394914.255760 50 1413394914.005760 0 
1413394914.305760 10 1413394914.255760 1 
1413394914.355761 10 1413394914.305760 1 
1413394914.405761 10 1413394914.355761 1 
1413394914.455760 10 1413394914.405761 1 
1413394914.505760 10 1413394914.455760 1 
1413394914.555760 10 1413394914.505760 1 
1413394914.605761 60 1413394914.305760 0 
1413394914.655761 10 1413394914.605761 1 
1413394914.705760 10 1413394914.655761 1 
1413394914.755760 10 1413394914.705760 1 
1413394914.805760 10 1413394914.755760 1 
1413394914.855761 10 1413394914.805760 1 
1413394914.905761 10 1413394914.855761 1 
1413394914.955760 10 1413394914.905761 1 
1413394915.005760 70 1413394914.655761 0 
1413394915.055760 10 1413394915.005760 1 
1413394915.105761 10 1413394915.055760 1 
1413394915.155761 10 1413394915.105761 1 
1413394915.205760 10 1413394915.155761 1 
1413394915.255760 50 1413394915.005760 0 
1413394915.305760 10 1413394915.255760 1 
1413394915.355761 10 1413394915.305760 1 
1413394915.405761 10 1413394915.355761 1 
1413394915.455760 10 1413394915.405761 1 
1413394915.505760 10 1413394915.455760 1 
1413394915.555760 10 1413394915.505760 1 
1413394915.605761 60 1413394915.305760 0 
1413394915.655761 10 1413394915.605761 1 
1413394915.705760 10 1413394915.655761 1 
1413394915.755760 10 1413394915.705760 1 
1413394915.805760 10 1413394915.755760 1 
1413394915.855761 10 1413394915.805760 1 
1413394915.905761 10 1413394915.855761 1 
1413394915.955760 60 1413394915.655761 0 
1413394916.005760 10 1413394915.955760 1 
1413394916.055760 10 1413394916.005760 1 
1413394916.105761 10 1413394916.055760 1 
1413394916.155761 10 1413394916.105761 1 
1413394916.205760 10 1413394916.155761 1 
1413394916.255760 60 1413394915.955760 0 
1413394916.305760 10 1413394916.255760 1 
1413394916.355761 10 1413394916.305760 1 
1413394916.405761 10 1413394916.355761 1 
1413394916.455760 10 1413394916.405761 1 
1413394916.505760 10 1413394916.455760 1 
1413394916.555760 60 1413394916.255760 0 
1413394916.605761 10 1413394916.555760 1 
1413394916.655761 10 1413394916.605761 1 
1413394916.705760 10 1413394916.655761 1 
1413394916.755760 10 1413394916.705760 1 
1413394916.855761 60 1413394916.555760 0 
1413394916.955760 20 1413394916.855761 1 
1413394917.055760 20 1413394916.955760 1 
1413394917.155761 60 1413394916.855761 0 
1413394917.255760 20 1413394917.155761 1 
1413394917.355761 40 1413394917.155761 0 
1413394917.455760 20 1413394917.355761 1 
1413394917.555760 20 1413394917.455760 1 
1413394917.655761 40 1413394917.455760 0 
1413394917.755760 20 1413394917.655761 1 
1413394917.855761 20 1413394917.755760 1 
1413394917.955760 20 1413394917.855761 1 
1413394918.055760 60 1413394917.755760 0 
1413394918.155761 20 1413394918.055760 1 
1413394918.255760 40 1413394918.055760 0 
1413394918.355761 20 1413394918.255760 1 
1413394918.455760 40 1413394918.255760 0 
1413394918.555760 20 1413394918.455760 1 
1413394918.655761 40 1413394918.455760 0 
1413394918.755760 20 1413394918.655761 1 
1413394918.855761 40 1413394918.655761 0 
1413394918.955760 20 1413394918.855761 1 
1413394919.055760 40 1413394918.855761 0 
1413394919.155761 20 1413394919.055760 1 
1413394919.255760 40 1413394919.055760 0 
1413394919.355761 20 1413394919.255760 1 
1413394919.455760 40 1413394919.255760 0 
1413394919.555760 20 1413394919.455760 1 
1413394919.655761 40 1413394919.455760 0 
1413394919.755760 20 1413394919.655761 1 
1413394919.855761 40 1413394919.655761 0 
1413394919.955760 20 1413394919.855761 0 
1413394920.055760 20 1413394919.955760 1 
1413394920.155761 40 1413394919.955760 0 
1413394920.255760 20 1413394920.155761 1 
1413394920.355761 40 1413394920.155761 0 
1413394920.455760 20 1413394920.355761 0 
1413394920.555760 20 1413394920.455760 1 
1413394920.655761 20 1413394920.555760 1 
1413394920.755760 40 1413394920.555760 0 
1413394920.855761 20 1413394920.755760 1 
1413394920.955760 20 1413394920.855761 1 
1413394921.055760 40 1413394920.855761 0 
1413394921.155761 20 1413394921.055760 1 
1413394921.255760 40 1413394921.055760 0 
1413394921.355761 20 1413394921.255760 1 
1413394921.455760 40 1413394921.255760 0 
1413394921.555760 20 1413394921.455760 1 
1413394921.655761 40 1413394921.455760 0 
1413394921.755760 20 1413394921.655761 1 
1413394921.855761 40 1413394921.655761 0 
1413394921.955760 20 1413394921.855761 1 
1413394922.055760 40 1413394921.855761 0 
1413394922.155761 20 1413394922.055760 1 
1413394922.255760 40 1413394922.055760 0 
1413394922.355761 20 1413394922.255760 1 
1413394922.455760 40 1413394922.255760 0 
1413394922.555760 20 1413394922.455760 1 
1413394922.655761 40 1413394922.455760 0 
1413394922.755760 20 1413394922.655761 1 
1413394922.855761 40 1413394922.655761 0 
1413394922.955760 20 1413394922.855761 1 
1413394923.055760 40 1413394922.855761 0 
1413394923.155761 20 1413394923.055760 1 
1413394923.255760 40 1413394923.055760 0 
1413394923.355761 20 1413394923.255760 1 
1413394923.455760 40 1413394923.255760 0 
1413394923.555760 20 1413394923.455760 1 
1413394923.655761 40 1413394923.455760 0 
1413394923.755760 20 1413394923.655761 1 
1413394923.855761 40 1413394923.655761 0 
1413394923.955760 20 1413394923.855761 1 
1413394924.055760 40 1413394923.855761 0 
1413394924.155761 20 1413394924.055760 1 
1413394924.255760 40 1413394924.055760 0 
1413394924.355761 20 1413394924.255760 1 
1413394924.455760 40 1413394924.255760 0 
1413394924.555760 20 1413394924.455760 1 
1413394924.655761 40 1413394924.455760 0 
1413394924.755760 20 1413394924.655761 1 
1413394924.855761 40 1413394924.655761 0 
1413394924.905761 10 1413394924.855761 1 
1413394924.955760 10 1413394924.905761 1 
1413394925.005760 30 1413394924.855761 0 
1413394925.055760 10 1413394925.005760 1 
1413394925.105761 10 1413394925.055760 1 
1413394925.155761 10 1413394925.105761 1 
1413394925.205760 10 1413394925.155761 1 
1413394925.255760 40 1413394925.055760 0 
1413394925.305760 10 1413394925.255760 1 
1413394925.355761 10 1413394925.305760 1 
1413394925.405761 10 1413394925.355761 1 
1413394925.455760 10 1413394925.405761 1 
1413394925.505760 10 1413394925.455760 1 
1413394925.555760 40 1413394925.355761 0 
1413394925.605761 10 1413394925.555760 1 
1413394925.655761 10 1413394925.605761 1 
1413394925.705760 30 1413394925.555760 0 
1413394925.755760 10 1413394925.705760 1 
1413394925.805760 10 1413394925.755760 1 
1413394925.855761 10 1413394925.805760 1 
1413394925.905761 10 1413394925.855761 1 
1413394925.955760 10 1413394925.905761 1 
1413394926.005760 40 1413394925.805760 0 
1413394926.055760 10 1413394926.005760 1 
1413394926.105761 10 1413394926.055760 1 
1413394926.155761 30 1413394926.005760 0 
1413394926.205760 10 1413394926.155761 1 
1413394926.255760 10 1413394926.205760 1 
1413394926.305760 10 1413394926.255760 1 
1413394926.355761 40 1413394926.155761 0 
1413394926.405761 10 1413394926.355761 1 
1413394926.455760 10 1413394926.405761 1 
1413394926.505760 10 1413394926.455760 1 
1413394926.555760 40 1413394926.355761 0 
1413394926.605761 10 1413394926.555760 1 
1413394926.655761 10 1413394926.605761 1 
1413394926.705760 10 1413394926.655761 1 
1413394926.755760 40 1413394926.555760 0 
1413394926.805760 10 1413394926.755760 1 
1413394926.855761 10 1413394926.805760 1 
1413394926.905761 10 1413394926.855761 1 
1413394926.955760 40 1413394926.755760 0 
1413394927.005760 10 1413394926.955760 1 
1413394927.055760 10 1413394927.005760 1 
1413394927.105761 10 1413394927.055760 1 
1413394927.155761 40 1413394926.955760 0 
1413394927.205760 10 1413394927.155761 1 
1413394927.255760 10 1413394927.205760 1 
1413394927.305760 10 1413394927.255760 1 
1413394927.355761 40 1413394927.155761 0 
1413394927.405761 10 1413394927.355761 1 
1413394927.455760 10 1413394927.405761 1 
1413394927.505760 10 1413394927.455760 1 
1413394927.555760 40 1413394927.355761 0 
1413394927.605761 10 1413394927.555760 1 
1413394927.655761 10 1413394927.605761 1 
1413394927.705760 10 1413394927.655761 1 
1413394927.755760 40 1413394927.555760 0 
1413394927.805760 10 1413394927.755760 1 
1413394927.855761 10 1413394927.805760 1 
1413394927.905761 10 1413394927.855761 1 
1413394927.955760 40 1413394927.755760 0 
1413394928.005760 10 1413394927.955760 1 
1413394928.055760 10 1413394928.005760 1 
1413394928.105761 10 1413394928.055760 1 
1413394928.155761 40 1413394927.955760 0 
1413394928.205760 10 1413394928.155761 1 
1413394928.255760 10 1413394928.205760 1 
1413394928.305760 10 1413394928.255760 1 
1413394928.355761 40 1413394928.155761 0 
1413394928.405761 10 1413394928.355761 1 
1413394928.455760 10 1413394928.405761 1 
1413394928.505760 10 1413394928.455760 1 
1413394928.555760 40 1413394928.355761 0 
1413394928.605761 10 1413394928.555760 1 
1413394928.655761 10 1413394928.605761 1 
1413394928.705760 10 1413394928.655761 1 
1413394928.755760 40 1413394928.555760 0 
1413394928.805760 10 1413394928.755760 1 
1413394928.855761 10 1413394928.805760 1 
1413394928.905761 10 1413394928.855761 1 
1413394928.955760 40 1413394928.755760 0 
1413394929.005760 10 1413394928.955760 1 
1413394929.055760 10 1413394929.005760 1 
1413394929.105761 10 1413394929.055760 1 
1413394929.155761 40 1413394928.955760 0 
1413394929.205760 10 1413394929.155761 1 
1413394929.255760 10 1413394929.205760 1 
1413394929.305760 10 1413394929.255760 1 
1413394929.355761 40 1413394929.155761 0 
1413394929.405761 10 1413394929.355761 1 
1413394929.455760 10 1413394929.405761 1 
1413394929.505760 10 1413394929.455760 1 
1413394929.555760 40 1413394929.355761 0 
1413394929.605761 10 1413394929.555760 1 
1413394929.655761 10 1413394929.605761 1 
1413394929.705760 10 1413394929.655761 1 
1413394929.755760 10 1413394929.705760 1 
1413394929.805760 40 1413394929.605761 0 
1413394929.855761 10 1413394929.805760 1 
1413394929.905761 10 1413394929.855761 1 
1413394929.955760 10 1413394929.905761 1 
1413394930.005760 10 1413394929.955760 1 
1413394930.055760 50 1413394929.805760 0 
1413394930.105761 10 1413394930.055760 1 
1413394930.155761 10 1413394930.105761 1 
1413394930.205760 10 1413394930.155761 1 
1413394930.255760 40 1413394930.055760 0 
1413394930.305760 10 1413394930.255760 1 
1413394930.355761 10 1413394930.305760 1 
1413394930.405761 10 1413394930.355761 1 
1413394930.455760 40 1413394930.255760 0 
1413394930.505760 10 1413394930.455760 1 
1413394930.555760 10 1413394930.505760 1 
1413394930.605761 10 1413394930.555760 1 
1413394930.655761 40 1413394930.455760 0 
1413394930.705760 10 1413394930.655761 1 
1413394930.755760 10 1413394930.705760 1 
1413394930.805760 10 1413394930.755760 1 
1413394930.855761 40 1413394930.655761 0 
1413394930.905761 10 1413394930.855761 1 
1413394930.955760 10 1413394930.905761 1 
1413394931.005760 10 1413394930.955760 1 
1413394931.055760 10 1413394931.005760 1 
1413394931.105761 50 1413394930.855761 0 
1413394931.155761 10 1413394931.105761 1 
1413394931.205760 10 1413394931.155761 1 
1413394931.255760 10 1413394931.205760 1 
1413394931.305760 40 1413394931.105761 0 
1413394931.355761 10 1413394931.305760 1 
1413394931.405761 10 1413394931.355761 1 
1413394931.455760 10 1413394931.405761 1 
1413394931.505760 40 1413394931.305760 0 
1413394931.555760 10 1413394931.505760 1 
1413394931.605761 10 1413394931.555760 1 
1413394931.655761 10 1413394931.605761 1 
1413394931.705760 40 1413394931.505760 0 
1413394931.755760 10 1413394931.705760 1 
1413394931.805760 10 1413394931.755760 1 
1413394931.855761 10 1413394931.805760 1 
1413394931.905761 10 1413394931.855761 1 
1413394931.955760 50 1413394931.705760 0 
1413394932.005760 10 1413394931.955760 1 
1413394932.055760 10 1413394932.005760 1 
1413394932.105761 10 1413394932.055760 1 
1413394932.155761 40 1413394931.955760 0 
1413394932.205760 10 1413394932.155761 1 
1413394932.255760 10 1413394932.205760 1 
1413394932.305760 10 1413394932.255760 1 
1413394932.355761 40 1413394932.155761 0 
1413394932.405761 10 1413394932.355761 1 
1413394932.455760 10 1413394932.405761 1 
1413394932.505760 10 1413394932.455760 1 
1413394932.555760 40 1413394932.355761 0 
1413394932.605761 10 1413394932.555760 1 
1413394932.655761 10 1413394932.605761 1 
1413394932.705760 30 1413394932.555760 0 
1413394932.755760 10 1413394932.705760 1 
1413394932.805760 10 1413394932.755760 1 
1413394932.855761 10 1413394932.805760 1 
1413394932.905761 10 1413394932.855761 1 
1413394932.955760 10 1413394932.905761 1 
1413394933.005760 10 1413394932.955760 1 
1413394933.055760 10 1413394933.005760 1 
1413394933.105761 10 1413394933.055760 1 
1413394933.155761 10 1413394933.105761 1 
1413394933.205760 10 1413394933.155761 1 
1413394933.255760 40 1413394933.055760 0 
1413394933.305760 10 1413394933.255760 1 
1413394933.355761 10 1413394933.305760 1 
1413394933.405761 70 1413394933.055760 0 
1413394933.455760 80 1413394933.055760 0 
1413394933.505760 10 1413394933.455760 1 
1413394933.555760 10 1413394933.505760 1 
1413394933.605761 10 1413394933.555760 1 
1413394933.655761 10 1413394933.605761 1 
1413394933.705760 10 1413394933.655761 1 
1413394933.755760 10 1413394933.705760 1 
1413394933.805760 70 1413394933.455760 0 
1413394933.855761 10 1413394933.805760 1 
1413394933.905761 10 1413394933.855761 1 
1413394933.955760 10 1413394933.905761 1 
1413394934.005760 10 1413394933.955760 1 
1413394934.055760 10 1413394934.005760 1 
1413394934.105761 50 1413394933.855761 0 
1413394934.155761 10 1413394934.105761 1 
1413394934.205760 10 1413394934.155761 1 
1413394934.255760 10 1413394934.205760 1 
1413394934.305760 10 1413394934.255760 1 
1413394934.355761 10 1413394934.305760 1 
1413394934.405761 50 1413394934.155761 0 
1413394934.455760 10 1413394934.405761 1 
1413394934.505760 10 1413394934.455760 1 
1413394934.555760 10 1413394934.505760 1 
1413394934.605761 10 1413394934.555760 1 
1413394934.655761 10 1413394934.605761 1 
1413394934.705760 50 1413394934.455760 0 
1413394934.755760 10 1413394934.705760 1 
1413394934.805760 10 1413394934.755760 1 
1413394934.855761 10 1413394934.805760 1 
1413394934.905761 10 1413394934.855761 1 
1413394934.955760 40 1413394934.755760 0 
1413394935.005760 10 1413394934.955760 1 
1413394935.055760 10 1413394935.005760 1 
1413394935.105761 10 1413394935.055760 1 
1413394935.155761 10 1413394935.105761 1 
1413394935.205760 10 1413394935.155761 1 
1413394935.255760 10 1413394935.205760 1 
1413394935.305760 10 1413394935.255760 1 
1413394935.355761 40 1413394935.155761 0 
1413394935.405761 10 1413394935.355761 1 
1413394935.455760 10 1413394935.405761 1 
1413394935.505760 10 1413394935.455760 1 
1413394935.555760 10 1413394935.505760 1 
1413394935.605761 10 1413394935.555760 1 
1413394935.655761 10 1413394935.605761 1 
1413394935.705760 10 1413394935.655761 1 
1413394935.755760 10 1413394935.705760 1 
1413394935.805760 10 1413394935.755760 1 
1413394935.855761 40 1413394935.655761 0 
1413394935.905761 10 1413394935.855761 1 
1413394935.955760 10 1413394935.905761 1 
1413394936.005760 10 1413394935.955760 1 
1413394936.055760 10 1413394936.005760 1 
1413394936.105761 10 1413394936.055760 1 
1413394936.205760 60 1413394935.905761 0 
1413394936.255760 10 1413394936.205760 1 
1413394936.305760 10 1413394936.255760 1 
1413394936.405761 40 1413394936.205760 0 
1413394936.505760 20 1413394936.405761 1 
1413394936.605761 40 1413394936.405761 0 
1413394936.705760 20 1413394936.605761 1 
1413394936.805760 40 1413394936.605761 0 
1413394936.905761 20 1413394936.805760 1 
1413394937.005760 40 1413394936.805760 0 
1413394937.105761 20 1413394937.005760 1 
1413394937.205760 40 1413394937.005760 0 
1413394937.255760 10 1413394937.205760 1 
1413394937.305760 10 1413394937.255760 1 
1413394937.355761 30 1413394937.205760 0 
1413394937.455760 20 1413394937.355761 0 
1413394937.555760 20 1413394937.455760 1 
1413394937.655761 20 1413394937.555760 1 
1413394937.755760 40 1413394937.555760 0 
1413394937.855761 20 1413394937.755760 1 
1413394937.955760 40 1413394937.755760 0 
1413394938.055760 20 1413394937.955760 1 
1413394938.155761 40 1413394937.955760 0 
1413394938.255760 20 1413394938.155761 1 
1413394938.355761 40 1413394938.155761 0 
1413394938.455760 20 1413394938.355761 1 
1413394938.555760 40 1413394938.355761 0 
1413394938.655761 20 1413394938.555760 1 
1413394938.755760 40 1413394938.555760 0 
1413394938.855761 20 1413394938.755760 1 
1413394938.955760 40 1413394938.755760 0 
1413394939.055760 20 1413394938.955760 1 
1413394939.155761 40 1413394938.955760 0 
1413394939.255760 20 1413394939.155761 1 
1413394939.355761 40 1413394939.155761 0 
1413394939.455760 20 1413394939.355761 1 
1413394939.555760 40 1413394939.355761 0 
1413394939.655761 20 1413394939.555760 1 
1413394939.755760 40 1413394939.555760 0 
1413394939.855761 20 1413394939.755760 1 
1413394939.955760 40 1413394939.755760 0 
1413394940.055760 20 1413394939.955760 1 
1413394940.155761 40 1413394939.955760 0 
1413394940.255760 20 1413394940.155761 1 
1413394940.355761 40 1413394940.155761 0 
1413394940.455760 20 1413394940.355761 1 
1413394940.555760 40 1413394940.355761 0 
1413394940.655761 20 1413394940.555760 1 
1413394940.755760 40 1413394940.555760 0 
1413394940.855761 20 1413394940.755760 1 
1413394940.955760 40 1413394940.755760 0 
1413394941.005760 10 1413394940.955760 1 
1413394941.055760 10 1413394941.005760 1 
1413394941.105761 10 1413394941.055760 1 
1413394941.205760 50 1413394940.955760 0 
1413394941.305760 20 1413394941.205760 1 
1413394941.405761 40 1413394941.205760 0 
1413394941.505760 20 1413394941.405761 1 
1413394941.605761 40 1413394941.405761 0 
1413394941.705760 20 1413394941.605761 1 
1413394941.755760 10 1413394941.705760 1 
1413394941.805760 40 1413394941.605761 0 
1413394941.855761 10 1413394941.805760 1 
1413394941.905761 10 1413394941.855761 1 
1413394941.955760 10 1413394941.905761 1 
1413394942.005760 40 1413394941.805760 0 
1413394942.055760 10 1413394942.005760 1 
1413394942.105761 10 1413394942.055760 1 
1413394942.155761 10 1413394942.105761 1 
1413394942.205760 40 1413394942.005760 0 
1413394942.255760 10 1413394942.205760 1 
1413394942.305760 10 1413394942.255760 1 
1413394942.355761 10 1413394942.305760 1 
1413394942.405761 10 1413394942.355761 1 
1413394942.455760 10 1413394942.405761 1 
1413394942.505760 50 1413394942.255760 0 
1413394942.555760 10 1413394942.505760 1 
1413394942.605761 10 1413394942.555760 1 
1413394942.655761 10 1413394942.605761 1 
1413394942.705760 40 1413394942.505760 0 
1413394942.755760 10 1413394942.705760 1 
1413394942.805760 10 1413394942.755760 1 
1413394942.855761 10 1413394942.805760 1 
1413394942.905761 10 1413394942.855761 1 
1413394942.955760 10 1413394942.905761 1 
1413394943.005760 50 1413394942.755760 0 
1413394943.055760 10 1413394943.005760 1 
1413394943.105761 10 1413394943.055760 1 
1413394943.155761 10 1413394943.105761 1 
1413394943.205760 10 1413394943.155761 1 
1413394943.255760 50 1413394943.005760 0 
1413394943.305760 10 1413394943.255760 1 
1413394943.355761 10 1413394943.305760 1 
1413394943.405761 10 1413394943.355761 1 
1413394943.455760 10 1413394943.405761 1 
1413394943.505760 50 1413394943.255760 0 
1413394943.555760 10 1413394943.505760 1 
1413394943.605761 10 1413394943.555760 1 
1413394943.655761 10 1413394943.605761 1 
1413394943.705760 10 1413394943.655761 1 
1413394943.755760 10 1413394943.705760 1 
1413394943.805760 10 1413394943.755760 1 
1413394943.855761 60 1413394943.555760 0 
1413394943.905761 10 1413394943.855761 1 
1413394943.955760 10 1413394943.905761 1 
1413394944.005760 10 1413394943.955760 1 
1413394944.055760 10 1413394944.005760 1 
1413394944.105761 10 1413394944.055760 1 
1413394944.155761 10 1413394944.105761 1 
1413394944.205760 10 1413394944.155761 1 
1413394944.255760 60 1413394943.955760 0 
1413394944.305760 10 1413394944.255760 1 
1413394944.355761 10 1413394944.305760 1 
1413394944.405761 10 1413394944.355761 1 
1413394944.455760 10 1413394944.405761 1 
1413394944.505760 10 1413394944.455760 1 
1413394944.555760 10 1413394944.505760 1 
1413394944.605761 60 1413394944.305760 0 
1413394944.655761 10 1413394944.605761 1 
1413394944.705760 10 1413394944.655761 1 
1413394944.755760 10 1413394944.705760 1 
1413394944.805760 10 1413394944.755760 1 
1413394944.855761 50 1413394944.605761 0 
1413394944.905761 10 1413394944.855761 1 
1413394944.955760 10 1413394944.905761 1 
1413394945.005760 10 1413394944.955760 1 
1413394945.055760 10 1413394945.005760 1 
1413394945.105761 10 1413394945.055760 1 
1413394945.155761 50 1413394944.905761 0 
1413394945.205760 10 1413394945.155761 1 
1413394945.255760 10 1413394945.205760 1 
1413394945.305760 10 1413394945.255760 1 
1413394945.355761 10 1413394945.305760 1 
1413394945.405761 50 1413394945.155761 0 
1413394945.455760 10 1413394945.405761 1 
1413394945.505760 10 1413394945.455760 1 
1413394945.555760 10 1413394945.505760 1 
1413394945.605761 10 1413394945.555760 1 
1413394945.655761 50 1413394945.405761 0 
1413394945.705760 10 1413394945.655761 1 
1413394945.755760 10 1413394945.705760 1 
1413394945.805760 10 1413394945.755760 1 
1413394945.855761 40 1413394945.655761 0 
1413394945.905761 10 1413394945.855761 1 
1413394945.955760 10 1413394945.905761 1 
1413394946.005760 10 1413394945.955760 1 
1413394946.055760 10 1413394946.005760 1 
1413394946.155761 50 1413394945.905761 0 
1413394946.205760 10 1413394946.155761 1 
1413394946.255760 10 1413394946.205760 1 
1413394946.355761 40 1413394946.155761 0 
1413394946.455760 20 1413394946.355761 1 
1413394946.555760 40 1413394946.355761 0 
1413394946.655761 20 1413394946.555760 1 
1413394946.755760 40 1413394946.555760 0 
1413394946.855761 20 1413394946.755760 1 
1413394946.955760 40 1413394946.755760 0 
1413394947.055760 20 1413394946.955760 1 
1413394947.155761 40 1413394946.955760 0 
1413394947.255760 20 1413394947.155761 1 
1413394947.355761 40 1413394947.155761 0 
1413394947.455760 20 1413394947.355761 0 
1413394947.555760 20 1413394947.455760 0 
1413394947.655761 20 1413394947.555760 0 
1413394947.755760 20 1413394947.655761 0 
1413394947.855761 20 1413394947.755760 1 
1413394947.955760 20 1413394947.855761 1 
1413394948.055760 20 1413394947.955760 1 
1413394948.155761 40 1413394947.955760 0 
1413394948.255760 20 1413394948.155761 1 
1413394948.355761 40 1413394948.155761 0 
1413394948.455760 20 1413394948.355761 1 
1413394948.555760 40 1413394948.355761 0 
1413394948.655761 20 1413394948.555760 1 
1413394948.755760 40 1413394948.555760 0 
1413394948.855761 20 1413394948.755760 1 
1413394948.955760 40 1413394948.755760 0 
1413394949.055760 20 1413394948.955760 1 
1413394949.155761 20 1413394949.055760 1 
1413394949.255760 40 1413394949.055760 0 
1413394949.355761 20 1413394949.255760 1 
1413394949.455760 40 1413394949.255760 0 
1413394949.555760 20 1413394949.455760 1 
1413394949.655761 40 1413394949.455760 0 
1413394949.755760 20 1413394949.655761 1 
1413394949.855761 40 1413394949.655761 0 
1413394949.955760 20 1413394949.855761 1 
1413394950.055760 40 1413394949.855761 0 
1413394950.155761 20 1413394950.055760 1 
1413394950.255760 40 1413394950.055760 0 
1413394950.355761 20 1413394950.255760 1 
1413394950.455760 40 1413394950.255760 0 
1413394950.555760 20 1413394950.455760 1 
1413394950.655761 40 1413394950.455760 0 
1413394950.755760 20 1413394950.655761 1 
1413394950.855761 40 1413394950.655761 0 
1413394950.955760 20 1413394950.855761 1 
1413394951.055760 40 1413394950.855761 0 
1413394961.055760 10 1413394961.005760 0 
1413394961.105761 10 1413394961.055760 1 
1413394961.155761 10 1413394961.105761 1 
1413394961.205760 10 1413394961.155761 1 
1413394961.255760 50 1413394961.005760 0 
1413394961.305760 10 1413394961.255760 1 
1413394961.355761 10 1413394961.305760 1 
1413394961.405761 10 1413394961.355761 1 
1413394961.455760 10 1413394961.405761 1 
1413394961.505760 40 1413394961.305760 0 
1413394961.555760 10 1413394961.505760 1 
1413394961.605761 10 1413394961.555760 1 
1413394961.655761 10 1413394961.605761 1 
1413394961.705760 10 1413394961.655761 1 
1413394961.755760 40 1413394961.555760 0 
1413394961.805760 10 1413394961.755760 1 
1413394961.855761 10 1413394961.805760 1 
1413394961.905761 10 1413394961.855761 1 
1413394962.955760 10 1413394962.905761 0 
1413394963.005760 10 1413394962.955760 1 
1413394963.055760 10 1413394963.005760 1 
1413394963.105761 10 1413394963.055760 1 
1413394965.005760 10 1413394964.955760 0 
1413394965.055760 10 1413394965.005760 1 
1413394965.105761 10 1413394965.055760 1 
1413394965.155761 10 1413394965.105761 1 
1413394965.205760 50 1413394964.955760 0 
1413394965.255760 10 1413394965.205760 1 
1413394965.305760 10 1413394965.255760 1 
1413394965.355761 10 1413394965.305760 1 
1413394965.405761 10 1413394965.355761 1 
1413394965.455760 10 1413394965.405761 1 
1413394965.505760 10 1413394965.455760 1 
1413394965.555760 10 1413394965.505760 1 
1413394965.605761 10 1413394965.555760 1 
1413394965.655761 10 1413394965.605761 1 
1413394965.705760 10 1413394965.655761 1 
1413394965.755760 60 1413394965.455760 0 
1413394965.805760 10 1413394965.755760 1 
1413394965.855761 10 1413394965.805760 1 
1413394965.905761 10 1413394965.855761 1 
1413394965.955760 10 1413394965.905761 1 
1413394966.005760 10 1413394965.955760 1 
1413394966.055760 50 1413394965.805760 0 
1413394966.105761 10 1413394966.055760 1 
1413394966.155761 10 1413394966.105761 1 
1413394966.205760 10 1413394966.155761 1 
1413394966.255760 10 1413394966.205760 1 
1413394966.305760 10 1413394966.255760 1 
1413394966.355761 50 1413394966.105761 0 
1413394966.405761 10 1413394966.355761 1 
1413394966.455760 10 1413394966.405761 1 
1413394966.505760 10 1413394966.455760 1 
1413394966.555760 10 1413394966.505760 1 
1413394966.605761 10 1413394966.555760 1 
1413394966.655761 10 1413394966.605761 1 
1413394966.705760 60 1413394966.405761 0 
1413394966.755760 10 1413394966.705760 1 
1413394966.805760 10 1413394966.755760 1 
1413394966.855761 10 1413394966.805760 1 
1413394966.905761 10 1413394966.855761 1 
1413394966.955760 10 1413394966.905761 1 
1413394967.005760 10 1413394966.955760 1 
1413394967.055760 60 1413394966.755760 0 
1413394967.105761 10 1413394967.055760 1 
1413394967.155761 10 1413394967.105761 1 
1413394967.205760 10 1413394967.155761 1 
1413394967.255760 10 1413394967.205760 1 
1413394967.305760 10 1413394967.255760 1 
1413394967.355761 10 1413394967.305760 1 
1413394967.405761 60 1413394967.105761 0 
1413394967.455760 10 1413394967.405761 1 
1413394967.505760 10 1413394967.455760 1 
1413394967.555760 10 1413394967.505760 1 
1413394967.605761 10 1413394967.555760 1 
1413394967.655761 10 1413394967.605761 1 
1413394967.705760 10 1413394967.655761 1 
1413394967.755760 10 1413394967.705760 1 
1413394967.805760 10 1413394967.755760 1 
1413394967.855761 10 1413394967.805760 1 
1413394967.905761 60 1413394967.605761 0 
1413394967.955760 10 1413394967.905761 1 
1413394968.005760 10 1413394967.955760 1 
1413394968.055760 10 1413394968.005760 1 
1413394968.105761 10 1413394968.055760 1 
1413394968.155761 10 1413394968.105761 1 
1413394968.205760 10 1413394968.155761 1 
1413394968.255760 60 1413394967.955760 0 
1413394968.305760 10 1413394968.255760 1 
1413394968.355761 10 1413394968.305760 1 
1413394968.405761 10 1413394968.355761 1 
1413394968.455760 10 1413394968.405761 1 
1413394968.505760 10 1413394968.455760 1 
1413394968.555760 10 1413394968.505760 1 
1413394968.605761 60 1413394968.305760 0 
1413394968.655761 10 1413394968.605761 1 
1413394968.705760 10 1413394968.655761 1 
1413394968.755760 10 1413394968.705760 1 
1413394968.805760 10 1413394968.755760 1 
1413394968.855761 10 1413394968.805760 1 
1413394968.905761 10 1413394968.855761 1 
1413394968.955760 60 1413394968.655761 0 
1413394969.005760 10 1413394968.955760 1 
1413394969.055760 10 1413394969.005760 1 
1413394969.155761 20 1413394969.055760 1 
1413394969.255760 20 1413394969.155761 1 
1413394969.355761 70 1413394969.005760 0 
1413394969.455760 20 1413394969.355761 1 
1413394969.555760 20 1413394969.455760 1 
1413394969.655761 60 1413394969.355761 0 
1413394969.755760 20 1413394969.655761 1 
1413394969.855761 20 1413394969.755760 1 
1413394969.955760 60 1413394969.655761 0 
1413394970.055760 20 1413394969.955760 1 
1413394970.155761 20 1413394970.055760 1 
1413394970.255760 60 1413394969.955760 0 
1413394970.355761 20 1413394970.255760 1 
1413394970.455760 20 1413394970.355761 1 
1413394970.555760 60 1413394970.255760 0 
1413394970.655761 20 1413394970.555760 1 
1413394970.755760 20 1413394970.655761 1 
1413394970.855761 60 1413394970.555760 0 
1413394970.955760 20 1413394970.855761 1 
1413394971.055760 20 1413394970.955760 1 
1413394971.155761 60 1413394970.855761 0 
1413394971.255760 20 1413394971.155761 1 
1413394971.355761 20 1413394971.255760 1 
1413394971.455760 60 1413394971.155761 0 
1413394971.555760 20 1413394971.455760 1 
1413394971.655761 20 1413394971.555760 1 
1413394971.755760 60 1413394971.455760 0 
1413394971.855761 20 1413394971.755760 1 
1413394971.955760 20 1413394971.855761 1 
1413394972.055760 60 1413394971.755760 0 
1413394972.155761 20 1413394972.055760 1 
1413394972.255760 40 1413394972.055760 0 
1413394972.355761 20 1413394972.255760 1 
1413394972.455760 40 1413394972.255760 0 
1413394972.555760 20 1413394972.455760 1 
1413394972.655761 40 1413394972.455760 0 
1413394972.755760 20 1413394972.655761 1 
1413394972.855761 20 1413394972.755760 1 
1413394972.955760 60 1413394972.655761 0 
1413394973.005760 10 1413394972.955760 1 
1413394973.055760 10 1413394973.005760 1 
1413394973.105761 10 1413394973.055760 1 
1413394973.155761 40 1413394972.955760 0 
1413394973.205760 10 1413394973.155761 1 
1413394973.255760 10 1413394973.205760 1 
1413394973.305760 10 1413394973.255760 1 
1413394973.355761 10 1413394973.305760 1 
1413394973.405761 10 1413394973.355761 1 
1413394973.455760 50 1413394973.205760 0 
1413394973.505760 10 1413394973.455760 1 
1413394973.555760 10 1413394973.505760 1 
1413394973.605761 10 1413394973.555760 1 
1413394973.655761 10 1413394973.605761 1 
1413394973.705760 50 1413394973.455760 0 
1413394973.755760 10 1413394973.705760 1 
1413394973.805760 10 1413394973.755760 1 
1413394973.855761 10 1413394973.805760 1 
1413394973.905761 10 1413394973.855761 1 
1413394973.955760 10 1413394973.905761 1 
1413394974.005760 10 1413394973.955760 1 
1413394974.055760 60 1413394973.755760 0 
1413394974.105761 10 1413394974.055760 1 
1413394974.155761 10 1413394974.105761 1 
1413394974.205760 10 1413394974.155761 1 
1413394974.255760 10 1413394974.205760 1 
1413394974.305760 10 1413394974.255760 1 
1413394974.355761 50 1413394974.105761 0 
1413394974.405761 10 1413394974.355761 1 
1413394974.455760 10 1413394974.405761 1 
1413394974.505760 10 1413394974.455760 1 
1413394974.555760 10 1413394974.505760 1 
1413394974.605761 10 1413394974.555760 1 
1413394974.655761 10 1413394974.605761 1 
1413394974.705760 60 1413394974.405761 0 
1413394974.755760 10 1413394974.705760 1 
1413394974.805760 10 1413394974.755760 1 
1413394974.855761 10 1413394974.805760 1 
1413394974.905761 10 1413394974.855761 1 
1413394974.955760 10 1413394974.905761 1 
1413394975.005760 10 1413394974.955760 1 
1413394975.055760 60 1413394974.755760 0 
1413394975.105761 10 1413394975.055760 1 
1413394975.155761 10 1413394975.105761 1 
1413394975.205760 10 1413394975.155761 1 
1413394975.255760 10 1413394975.205760 1 
1413394975.305760 50 1413394975.055760 0 
1413394975.355761 10 1413394975.305760 1 
1413394975.405761 10 1413394975.355761 1 
1413394975.455760 10 1413394975.405761 1 
1413394975.505760 10 1413394975.455760 1 
1413394975.555760 10 1413394975.505760 1 
1413394975.605761 10 1413394975.555760 1 
1413394975.655761 60 1413394975.355761 0 
1413394975.755760 20 1413394975.655761 1 
1413394975.805760 10 1413394975.755760 1 
1413394975.855761 10 1413394975.805760 1 
1413394975.955760 20 1413394975.855761 1 
1413394976.055760 60 1413394975.755760 0 
1413394976.155761 20 1413394976.055760 1 
1413394976.255760 20 1413394976.155761 1 
1413394976.355761 20 1413394976.255760 1 
1413394976.455760 60 1413394976.155761 0 
1413394976.505760 10 1413394976.455760 1 
1413394976.605761 20 1413394976.505760 1 
1413394976.705760 20 1413394976.605761 1 
1413394976.755760 50 1413394976.505760 0 
1413394976.805760 10 1413394976.755760 1 
1413394976.855761 10 1413394976.805760 1 
1413394976.905761 10 1413394976.855761 1 
1413394976.955760 10 1413394976.905761 1 
1413394977.005760 10 1413394976.955760 1 
1413394977.105761 70 1413394976.755760 0 
1413394977.155761 10 1413394977.105761 1 
1413394977.205760 10 1413394977.155761 1 
1413394977.305760 20 1413394977.205760 1 
1413394977.405761 60 1413394977.105761 0 
1413394977.505760 20 1413394977.405761 1 
1413394977.605761 20 1413394977.505760 1 
1413394977.705760 60 1413394977.405761 0 
1413394977.805760 20 1413394977.705760 1 
1413394977.905761 40 1413394977.705760 0 
1413394978.005760 20 1413394977.905761 1 
1413394978.105761 40 1413394977.905761 0 
1413394978.155761 10 1413394978.105761 1 
1413394978.205760 10 1413394978.155761 1 
1413394978.255760 10 1413394978.205760 1 
1413394978.305760 40 1413394978.105761 0 
1413394978.355761 10 1413394978.305760 1 
1413394978.405761 10 1413394978.355761 1 
1413394978.455760 10 1413394978.405761 1 
1413394978.505760 40 1413394978.305760 0 
1413394978.555760 10 1413394978.505760 1 
1413394978.605761 10 1413394978.555760 1 
1413394978.655761 10 1413394978.605761 1 
1413394978.705760 10 1413394978.655761 1 
1413394978.755760 10 1413394978.705760 1 
1413394978.805760 50 1413394978.555760 0 
1413394978.855761 10 1413394978.805760 1 
1413394978.905761 10 1413394978.855761 1 
1413394978.955760 10 1413394978.905761 1 
1413394979.005760 10 1413394978.955760 1 
1413394979.055760 50 1413394978.805760 0 
1413394979.105761 10 1413394979.055760 1 
1413394979.155761 10 1413394979.105761 1 
1413394979.205760 10 1413394979.155761 1 
1413394979.255760 10 1413394979.205760 1 
1413394979.305760 10 1413394979.255760 1 
1413394979.355761 10 1413394979.305760 1 
1413394979.405761 10 1413394979.355761 1 
1413394979.455760 70 1413394979.105761 0 
1413394979.505760 10 1413394979.455760 1 
1413394979.555760 10 1413394979.505760 1 
1413394979.605761 10 1413394979.555760 1 
1413394979.655761 40 1413394979.455760 0 
1413394979.705760 10 1413394979.655761 1 
1413394979.755760 10 1413394979.705760 1 
1413394979.805760 10 1413394979.755760 1 
1413394979.855761 10 1413394979.805760 1 
1413394979.905761 40 1413394979.705760 0 
1413394979.955760 10 1413394979.905761 1 
1413394980.005760 10 1413394979.955760 1 
1413394980.055760 10 1413394980.005760 1 
1413394980.105761 40 1413394979.905761 0 
1413394980.155761 10 1413394980.105761 1 
1413394980.205760 10 1413394980.155761 1 
1413394980.255760 10 1413394980.205760 1 
1413394980.305760 10 1413394980.255760 1 
1413394980.355761 50 1413394980.105761 0 
1413394980.405761 10 1413394980.355761 1 
1413394980.455760 10 1413394980.405761 1 
1413394980.505760 10 1413394980.455760 1 
1413394980.555760 10 1413394980.505760 1 
1413394980.605761 50 1413394980.355761 0 
1413394980.655761 10 1413394980.605761 1 
1413394980.705760 10 1413394980.655761 1 
1413394980.755760 10 1413394980.705760 1 
1413394980.805760 10 1413394980.755760 1 
1413394980.855761 10 1413394980.805760 1 
1413394980.905761 60 1413394980.605761 0 
1413394980.955760 10 1413394980.905761 1 
1413394981.005760 10 1413394980.955760 1 
1413394981.055760 10 1413394981.005760 1 
1413394981.105761 10 1413394981.055760 1 
1413394981.155761 50 1413394980.905761 0 
1413394981.205760 10 1413394981.155761 1 
1413394981.255760 10 1413394981.205760 1 
1413394981.305760 10 1413394981.255760 1 
1413394981.355761 10 1413394981.305760 1 
1413394981.405761 10 1413394981.355761 1 
1413394981.455760 10 1413394981.405761 1 
1413394981.505760 60 1413394981.205760 0 
1413394981.555760 10 1413394981.505760 1 
1413394981.605761 10 1413394981.555760 1 
1413394981.655761 10 1413394981.605761 1 
1413394981.705760 10 1413394981.655761 1 
1413394981.755760 10 1413394981.705760 1 
1413394981.805760 50 1413394981.555760 0 
1413394981.855761 10 1413394981.805760 1 
1413394981.905761 10 1413394981.855761 1 
1413394981.955760 10 1413394981.905761 1 
1413394982.005760 10 1413394981.955760 1 
1413394982.055760 10 1413394982.005760 1 
1413394982.105761 10 1413394982.055760 1 
1413394982.155761 60 1413394981.855761 0 
1413394982.205760 10 1413394982.155761 1 
1413394982.255760 10 1413394982.205760 1 
1413394982.305760 10 1413394982.255760 1 
1413394982.355761 10 1413394982.305760 1 
1413394982.405761 50 1413394982.155761 0 
1413394982.455760 10 1413394982.405761 1 
1413394982.505760 10 1413394982.455760 1 
1413394982.555760 10 1413394982.505760 1 
1413394982.605761 40 1413394982.405761 0 
1413394982.655761 10 1413394982.605761 1 
1413394982.705760 10 1413394982.655761 1 
1413394982.755760 10 1413394982.705760 1 
1413394982.805760 10 1413394982.755760 1 
1413394982.855761 10 1413394982.805760 1 
1413394982.905761 50 1413394982.655761 0 
1413394983.005760 20 1413394982.905761 1 
1413394983.105761 40 1413394982.905761 0 
1413394983.205760 20 1413394983.105761 1 
1413394983.305760 40 1413394983.105761 0 
1413394983.405761 20 1413394983.305760 1 
1413394983.505760 40 1413394983.305760 0 
1413394983.605761 20 1413394983.505760 1 
1413394983.705760 40 1413394983.505760 0 
1413394983.805760 20 1413394983.705760 1 
1413394983.905761 40 1413394983.705760 0 
1413394984.005760 20 1413394983.905761 1 
1413394984.105761 20 1413394984.005760 1 
1413394984.205760 60 1413394983.905761 0 
1413394984.305760 20 1413394984.205760 1 
1413394984.405761 20 1413394984.305760 1 
1413394984.505760 60 1413394984.205760 0 
1413394984.605761 20 1413394984.505760 1 
1413394984.705760 20 1413394984.605761 1 
1413394984.805760 60 1413394984.505760 0 
1413394984.905761 20 1413394984.805760 1 
1413394985.005760 20 1413394984.905761 1 
1413394985.105761 60 1413394984.805760 0 
1413394985.205760 20 1413394985.105761 1 
1413394985.305760 20 1413394985.205760 1 
1413394985.405761 60 1413394985.105761 0 
1413394985.505760 20 1413394985.405761 1 
1413394985.605761 20 1413394985.505760 1 
1413394985.705760 60 1413394985.405761 0 
1413394985.805760 20 1413394985.705760 1 
1413394985.905761 40 1413394985.705760 0 
1413394986.005760 20 1413394985.905761 1 
1413394986.105761 20 1413394986.005760 1 
1413394986.205760 60 1413394985.905761 0 
1413394986.305760 20 1413394986.205760 1 
1413394986.405761 20 1413394986.305760 1 
1413394986.505760 60 1413394986.205760 0 
1413394986.605761 20 1413394986.505760 1 
1413394986.705760 20 1413394986.605761 1 
1413394986.805760 60 1413394986.505760 0 
1413394986.905761 20 1413394986.805760 1 
1413394987.005760 20 1413394986.905761 1 
1413394987.105761 60 1413394986.805760 0 
1413394987.205760 20 1413394987.105761 1 
1413394987.305760 40 1413394987.105761 0 
1413394987.405761 20 1413394987.305760 1 
1413394987.505760 40 1413394987.305760 0 
1413394987.605761 20 1413394987.505760 1 
1413394987.705760 40 1413394987.505760 0 
1413394987.805760 20 1413394987.705760 1 
1413394987.905761 40 1413394987.705760 0 
1413394988.005760 20 1413394987.905761 1 
1413394988.105761 40 1413394987.905761 0 
1413394988.205760 20 1413394988.105761 1 
1413394988.305760 40 1413394988.105761 0 
1413394988.405761 20 1413394988.305760 1 
