1413394889.305760 2.422603 2.373549 
1413394889.405761 2.240096 2.297742 
1413394889.505760 2.268009 2.271660 
1413394889.605761 2.304641 2.321199 
1413394889.705760 2.380215 2.371266 
1413394889.805760 2.325144 2.326236 
1413394889.955760 2.316035 2.299654 
1413394890.105761 2.327010 2.313587 
1413394890.255760 2.332035 2.314865 
1413394890.405761 2.322471 2.310473 
1413394890.555760 2.315339 2.319016 
1413394890.705760 2.294879 2.322865 
1413394890.855761 2.321162 2.328039 
1413394891.005760 2.371747 2.320844 
1413394891.205760 2.580110 2.343064 
1413394891.405761 2.637826 2.401235 
1413394891.555760 2.649248 2.459277 
1413394891.705760 2.644318 2.474772 
1413394891.855761 2.605785 2.482919 
1413394892.005760 2.604110 2.494592 
1413394892.205760 2.604393 2.493136 
1413394892.405761 2.572273 2.482912 
1413394892.605761 2.556193 2.488553 
1413394892.805760 2.542127 2.483850 
1413394893.005760 2.543955 2.480021 
1413394893.205760 2.542950 2.483083 
1413394893.405761 2.550728 2.498766 
1413394893.605761 2.542669 2.498713 
1413394893.805760 2.539856 2.498688 
1413394894.005760 2.533305 2.495974 
1413394894.205760 2.531653 2.497018 
1413394894.405761 2.525616 2.510754 
1413394894.605761 2.521978 2.500303 
1413394894.705760 2.526921 2.504243 
1413394894.805760 2.529257 2.506605 
1413394894.905761 2.530923 2.508116 
1413394895.055760 2.530985 2.507683 
1413394895.155761 2.526031 2.506704 
1413394895.255760 2.525846 2.506071 
1413394895.355761 2.525275 2.505741 
1413394895.455760 2.525676 2.506017 
1413394895.555760 2.526666 2.506443 
1413394895.655761 2.525591 2.506078 
1413394895.805760 2.523381 2.505386 
1413394895.955760 2.523103 2.504976 
1413394896.055760 2.518689 2.503550 
1413394896.205760 2.516798 2.501884 
1413394896.355761 2.516774 2.501346 
1413394896.505760 2.517588 2.502312 
1413394896.605761 2.511014 2.502146 
1413394896.755760 2.509292 2.501091 
1413394896.905761 2.509896 2.501762 
1413394897.055760 2.508561 2.502499 
1413394897.205760 2.509679 2.503667 
1413394897.405761 2.508794 2.503399 
1413394897.605761 2.499312 2.498010 
1413394897.805760 2.497655 2.496271 
1413394898.005760 2.492532 2.490448 
1413394898.205760 2.487692 2.486633 
1413394898.455760 2.485940 2.485041 
1413394898.705760 2.486603 2.484813 
1413394898.905761 2.485624 2.483164 
1413394899.155761 2.484202 2.486663 
1413394899.355761 2.468505 2.471814 
1413394899.605761 2.464160 2.466864 
1413394899.855761 2.459218 2.461961 
1413394900.055760 2.456995 2.458803 
1413394900.205760 2.457357 2.459401 
1413394900.405761 2.458436 2.460155 
1413394900.605761 2.459135 2.460994 
1413394900.805760 2.457950 2.460045 
1413394901.005760 2.457940 2.459924 
1413394901.155761 2.443219 2.442014 
1413394901.305760 2.445252 2.444039 
1413394901.455760 2.445245 2.444015 
1413394901.605761 2.444840 2.443589 
1413394901.755760 2.443426 2.441487 
1413394901.855761 2.443569 2.441663 
1413394901.955760 2.443667 2.441746 
1413394902.055760 2.443728 2.441806 
1413394902.155761 2.443707 2.441785 
1413394902.255760 2.443641 2.441717 
1413394902.355761 2.443674 2.441751 
1413394902.455760 2.443650 2.441724 
1413394902.555760 2.443575 2.441601 
1413394902.655761 2.443542 2.441573 
1413394902.755760 2.443486 2.441514 
1413394902.855761 2.443461 2.441488 
1413394902.955760 2.443469 2.441501 
1413394903.055760 2.443437 2.441469 
1413394903.255760 2.443509 2.441557 
1413394903.455760 2.444017 2.442275 
1413394903.705760 2.443180 2.441479 
1413394903.855761 2.443022 2.441468 
1413394904.005760 2.442513 2.440961 
1413394904.155761 2.441875 2.440290 
1413394904.305760 2.442027 2.440840 
1413394904.505760 2.441832 2.440722 
